0.000000
0.000000
0.000000
0.507991
1.024562
0.656152
0.287743
0.463094
0.206731
0.853397
0.960953
0.655318
0.767834
0.392343
0.866508
0.161405
0.282199
0.360703
0.715450
0.493646
0.489859
0.796158
0.271970
0.371774
1.360281
0.813426
1.826348
0.255202
0.847713
0.266441
0.505566
0.551803
0.598040
0.517653
0.404525
0.177537
0.223535
0.200828
0.105871
0.208234
0.147001
0.207935
0.380544
0.365103
0.209440
0.267370
0.198149
0.571075
0.169276
0.150567
0.390336
0.585309
0.250443
0.495476
1.116830
0.411560
0.328362
0.245165
0.311120
0.350280
0.389441
0.428601
0.241814
0.457472
0.673129
0.808392
0.447319
0.086245
0.116598
0.315656
0.229292
0.434552
0.101298
0.602486
0.735542
0.904675
3.003010
1.092230
1.367671
2.407613
1.889979
0.761695
1.172339
1.723234
2.398141
1.921012
1.545158
1.928791
1.227333
0.581512
