0.138208
0.197937
0.257667
0.387255
0.357330
0.208509
0.188306
0.234110
0.332123
0.306518
0.295723
0.182369
0.201681
0.167257
0.230625
0.212006
0.246410
0.367662
0.405595
0.409403
0.252387
0.550092
0.289829
0.462970
1.046816
0.861115
1.006742
0.696996
0.756493
0.704708
0.487441
0.625703
0.624760
0.862716
0.356978
0.602624
0.397754
0.652871
0.558409
0.909304
0.533516
0.706493
0.614952
0.603554
0.922499
0.656865
0.492692
0.504515
0.589552
0.380558
0.590975
0.484159
0.711955
0.443142
0.721389
0.467320
0.487254
0.676603
0.361352
0.598897
0.510083
0.740468
0.423738
0.404693
0.784490
0.856959
0.814114
0.763871
0.715392
0.554836
0.533307
0.430950
0.552275
0.724914
0.587493
0.757517
1.530781
0.952819
1.088572
0.996009
1.581937
0.990404
0.676948
1.290988
1.465532
1.249413
0.982626
1.394914
0.638892
0.761308
