0.243666
0.197937
0.152209
0.326887
0.305641
0.194642
0.154546
0.119328
0.176300
0.200974
0.125284
0.064618
0.063019
0.147860
0.174132
0.175278
0.196269
0.293311
0.383673
0.407005
0.251388
0.534898
0.275950
0.344756
0.939485
1.050547
0.725398
0.921385
0.661743
0.887045
0.327201
0.680482
0.575416
0.970700
0.483573
0.717049
0.559951
0.754882
0.879799
1.013550
0.717426
0.715462
0.715413
0.520642
1.192010
0.729997
0.568500
0.477410
0.462503
0.522483
0.434081
0.650057
0.591671
0.409907
0.468030
0.318756
0.501438
0.377916
0.351854
0.382233
0.702111
0.477091
0.441086
0.442219
0.586120
0.824902
0.820830
0.801652
1.393670
0.910680
0.703404
0.377344
0.935338
0.443986
0.810009
0.956778
1.585497
0.961198
1.032176
0.955180
0.467437
1.228268
0.818775
1.626017
0.913759
2.034792
0.446766
1.256017
0.665076
1.355196
