0.432351
0.397738
0.363125
0.328513
0.293900
0.250109
0.190150
0.464250
0.675117
0.287359
0.346597
0.358024
0.051514
0.156888
0.150483
0.446250
0.356258
0.568250
0.264794
0.361233
0.135647
0.411370
0.418716
0.781301
1.126898
0.245791
1.294194
0.129039
0.899499
0.231291
0.634086
0.324414
0.743486
0.127938
0.238259
0.185829
0.085383
0.599532
0.046776
0.823958
0.184388
0.788264
0.787899
0.787533
0.261816
0.631396
0.515066
0.627693
1.581551
0.188705
1.732981
0.211442
1.534317
0.556987
0.967047
0.950186
0.373777
1.116338
0.495064
1.357225
0.279649
2.441957
0.443198
0.142014
1.255470
1.018208
0.805159
1.008232
0.356381
0.399286
0.156932
0.497056
0.447226
1.356363
0.216928
0.471651
1.021799
0.640482
0.977221
0.392281
2.263791
0.734233
0.464542
0.556119
1.084697
0.800942
0.929283
1.355852
0.318488
0.644161
