1.715313
-0.413567
-0.107067
-0.210734
-0.161975
0.132001
-0.107375
0.202176
-0.084755
0.159011
-0.120922
-0.022766
-0.047027
0.007249
0.044607
0.047801
-0.072316
0.047743
-0.037482
-0.056392
0.041700
-0.045057
0.096609
-0.006994
0.027929
-0.017147
-0.015925
-0.075797
0.008545
0.034069
0.013125
0.004593
-0.034372
-0.019081
0.007652
0.009717
-0.044057
-0.005757
0.018435
-0.003847
0.045469
-0.034359
-0.005644
-0.000668
-0.014597
0.028296
-0.023385
0.101494
-0.066508
-0.008868
-0.017429
-0.050555
0.079493
-0.035612
0.053959
-0.013665
0.021763
-0.026453
-0.035606
0.052851
-0.038966
-0.004673
0.007944
0.035012
0.013059
0.004670
-0.052438
0.008398
-0.014893
0.002583
0.018798
-0.018504
0.036417
0.020410
-0.018791
-0.036511
-0.013392
0.024610
-0.028596
0.013419
0.075117
-0.056098
0.043230
-0.059666
-0.012896
-0.042074
0.066868
0.051906
-0.076142
0.014994
-0.027143
0.064420
-0.004590
-0.018026
-0.019072
-0.018026
-0.004590
0.064420
-0.027143
0.014994
-0.076142
0.051906
0.066868
-0.042074
-0.012896
-0.059666
0.043230
-0.056098
0.075117
0.013419
-0.028596
0.024610
-0.013392
-0.036511
-0.018791
0.020410
0.036417
-0.018504
0.018798
0.002583
-0.014893
0.008398
-0.052438
0.004670
0.013059
0.035012
0.007944
-0.004673
-0.038966
0.052851
-0.035606
-0.026453
0.021763
-0.013665
0.053959
-0.035612
0.079493
-0.050555
-0.017429
-0.008868
-0.066508
0.101494
-0.023385
0.028296
-0.014597
-0.000668
-0.005644
-0.034359
0.045469
-0.003847
0.018435
-0.005757
-0.044057
0.009717
0.007652
-0.019081
-0.034372
0.004593
0.013125
0.034069
0.008545
-0.075797
-0.015925
-0.017147
0.027929
-0.006994
0.096609
-0.045057
0.041700
-0.056392
-0.037482
0.047743
-0.072316
0.047801
0.044607
0.007249
-0.047027
-0.022766
-0.120922
0.159011
-0.084755
0.202176
-0.107375
0.132001
-0.161975
-0.210734
-0.107067
-0.413567
