0.634462
-0.135082
-0.027031
0.008023
0.025487
-0.057587
0.001434
0.054611
0.012607
0.023438
-0.020259
-0.044902
0.020369
-0.025550
0.015671
0.021230
-0.011982
-0.017297
0.006491
0.009033
-0.008880
-0.008650
0.023791
0.035159
0.024071
-0.002616
0.021163
-0.040248
0.017150
-0.011940
-0.036946
0.049412
-0.019935
-0.006168
-0.008243
0.019845
-0.017861
0.014638
-0.026037
-0.012463
0.026721
-0.011019
-0.001630
-0.005709
0.011122
-0.019203
0.001877
0.027752
-0.030716
0.043037
0.004827
-0.031046
0.047237
-0.026522
0.017915
-0.011449
0.026011
-0.032967
0.011686
0.031923
-0.060259
0.008727
-0.003118
-0.017132
0.003779
0.027439
-0.037982
0.030914
0.008037
-0.051534
0.007612
0.032978
0.015058
0.009985
-0.013473
0.001173
-0.001902
-0.000252
-0.026982
0.022922
0.058704
-0.085054
0.049413
0.020755
-0.076989
-0.054940
0.046067
0.099356
-0.048750
0.008044
0.008790
-0.044631
-0.000343
0.011650
0.014171
0.011650
-0.000343
-0.044631
0.008790
0.008044
-0.048750
0.099356
0.046067
-0.054940
-0.076989
0.020755
0.049413
-0.085054
0.058704
0.022922
-0.026982
-0.000252
-0.001902
0.001173
-0.013473
0.009985
0.015058
0.032978
0.007612
-0.051534
0.008037
0.030914
-0.037982
0.027439
0.003779
-0.017132
-0.003118
0.008727
-0.060259
0.031923
0.011686
-0.032967
0.026011
-0.011449
0.017915
-0.026522
0.047237
-0.031046
0.004827
0.043037
-0.030716
0.027752
0.001877
-0.019203
0.011122
-0.005709
-0.001630
-0.011019
0.026721
-0.012463
-0.026037
0.014638
-0.017861
0.019845
-0.008243
-0.006168
-0.019935
0.049412
-0.036946
-0.011940
0.017150
-0.040248
0.021163
-0.002616
0.024071
0.035159
0.023791
-0.008650
-0.008880
0.009033
0.006491
-0.017297
-0.011982
0.021230
0.015671
-0.025550
0.020369
-0.044902
-0.020259
0.023438
0.012607
0.054611
0.001434
-0.057587
0.025487
0.008023
-0.027031
-0.135082
