0.639544
-0.167106
0.001296
-0.105146
-0.021735
0.051252
0.009393
0.011593
0.021910
0.030521
-0.022214
-0.003825
-0.015954
-0.004388
0.024246
0.007117
-0.012487
0.001908
-0.016099
-0.020641
0.021292
-0.021095
0.040007
-0.003486
-0.022156
0.029295
-0.040594
0.000296
-0.013369
0.020466
0.012380
-0.010016
-0.015229
-0.007660
0.013102
-0.010180
-0.009630
-0.007606
0.014053
0.006079
0.010778
-0.006120
0.003304
-0.013282
0.018536
-0.005645
0.007512
0.029494
-0.019314
-0.009579
-0.001863
-0.005194
0.008121
0.012950
-0.004029
0.025118
-0.016615
-0.004511
-0.000852
-0.004676
0.017966
-0.013094
0.008398
0.013516
0.006871
-0.005490
-0.012965
-0.000342
-0.006341
0.019762
-0.004150
-0.000908
0.007725
0.006361
-0.011397
-0.007846
-0.008244
0.012707
0.000997
-0.005314
0.005612
-0.000309
0.006829
-0.039898
0.039516
-0.027993
0.042371
-0.033934
-0.009314
0.008085
-0.015526
0.055704
-0.032901
0.013977
-0.036186
0.013977
-0.032901
0.055704
-0.015526
0.008085
-0.009314
-0.033934
0.042371
-0.027993
0.039516
-0.039898
0.006829
-0.000309
0.005612
-0.005314
0.000997
0.012707
-0.008244
-0.007846
-0.011397
0.006361
0.007725
-0.000908
-0.004150
0.019762
-0.006341
-0.000342
-0.012965
-0.005490
0.006871
0.013516
0.008398
-0.013094
0.017966
-0.004676
-0.000852
-0.004511
-0.016615
0.025118
-0.004029
0.012950
0.008121
-0.005194
-0.001863
-0.009579
-0.019314
0.029494
0.007512
-0.005645
0.018536
-0.013282
0.003304
-0.006120
0.010778
0.006079
0.014053
-0.007606
-0.009630
-0.010180
0.013102
-0.007660
-0.015229
-0.010016
0.012380
0.020466
-0.013369
0.000296
-0.040594
0.029295
-0.022156
-0.003486
0.040007
-0.021095
0.021292
-0.020641
-0.016099
0.001908
-0.012487
0.007117
0.024246
-0.004388
-0.015954
-0.003825
-0.022214
0.030521
0.021910
0.011593
0.009393
0.051252
-0.021735
-0.105146
0.001296
-0.167106
