1.787844
-0.440584
-0.123948
-0.254539
-0.184553
0.214587
-0.078140
0.094629
-0.024450
0.148787
-0.139159
0.040943
-0.102642
0.032105
0.034664
0.057433
-0.060541
0.031315
-0.058365
-0.047142
0.064816
-0.058600
0.130055
-0.014292
-0.049214
0.077624
-0.099269
-0.013558
-0.014482
0.044821
0.063538
-0.047089
-0.020931
-0.039247
0.060176
-0.045152
-0.013702
-0.035098
0.050565
0.008869
0.033699
-0.024280
0.004785
-0.041894
0.045182
-0.014926
0.008371
0.094339
-0.074220
-0.019732
-0.022526
-0.004610
0.007911
0.050257
-0.027229
0.085560
-0.063082
-0.005978
-0.013407
-0.010148
0.045887
-0.039504
0.020474
0.036399
0.019564
-0.023868
-0.036102
-0.010688
-0.012550
0.048434
-0.002894
-0.013785
0.034804
0.008611
-0.021807
-0.032808
-0.013013
0.030528
0.012755
-0.021443
0.023678
-0.003939
0.023892
-0.119858
0.118471
-0.081050
0.123896
-0.095763
-0.033695
0.033095
-0.054146
0.178088
-0.107343
0.054066
-0.117551
0.054066
-0.107343
0.178088
-0.054146
0.033095
-0.033695
-0.095763
0.123896
-0.081050
0.118471
-0.119858
0.023892
-0.003939
0.023678
-0.021443
0.012755
0.030528
-0.013013
-0.032808
-0.021807
0.008611
0.034804
-0.013785
-0.002894
0.048434
-0.012550
-0.010688
-0.036102
-0.023868
0.019564
0.036399
0.020474
-0.039504
0.045887
-0.010148
-0.013407
-0.005978
-0.063082
0.085560
-0.027229
0.050257
0.007911
-0.004610
-0.022526
-0.019732
-0.074220
0.094339
0.008371
-0.014926
0.045182
-0.041894
0.004785
-0.024280
0.033699
0.008869
0.050565
-0.035098
-0.013702
-0.045152
0.060176
-0.039247
-0.020931
-0.047089
0.063538
0.044821
-0.014482
-0.013558
-0.099269
0.077624
-0.049214
-0.014292
0.130055
-0.058600
0.064816
-0.047142
-0.058365
0.031315
-0.060541
0.057433
0.034664
0.032105
-0.102642
0.040943
-0.139159
0.148787
-0.024450
0.094629
-0.078140
0.214587
-0.184553
-0.254539
-0.123948
-0.440584
