0.635838
-0.151536
0.016242
-0.086570
-0.014413
0.023021
-0.004081
0.045380
-0.004033
0.030283
-0.023459
-0.027914
-0.000543
-0.015097
0.028026
0.004332
-0.017236
0.008366
-0.007396
-0.022788
0.016781
-0.014613
0.030532
0.000635
0.001411
-0.003459
-0.015879
-0.021019
-0.009275
0.018288
-0.005938
0.005897
-0.019724
-0.005151
-0.005615
0.005312
-0.020242
-0.000150
0.003965
-0.001989
0.013698
-0.011924
-0.000844
-0.000389
0.000259
0.005618
-0.003913
0.030250
-0.022632
0.000341
-0.001482
-0.018069
0.032450
-0.016861
0.022151
-0.010462
0.013153
-0.012170
-0.006544
0.014098
-0.011666
-0.001648
-0.000425
0.014758
0.003625
0.004775
-0.020168
0.007016
-0.009500
0.003264
0.002318
-0.003720
0.010868
0.008405
-0.008431
-0.010928
-0.006156
0.006792
-0.009645
0.006704
0.023406
-0.014680
0.011889
-0.019424
-0.007693
-0.015616
0.021429
0.016001
-0.024459
0.000871
-0.005418
0.015132
0.002410
-0.004813
-0.002338
-0.004813
0.002410
0.015132
-0.005418
0.000871
-0.024459
0.016001
0.021429
-0.015616
-0.007693
-0.019424
0.011889
-0.014680
0.023406
0.006704
-0.009645
0.006792
-0.006156
-0.010928
-0.008431
0.008405
0.010868
-0.003720
0.002318
0.003264
-0.009500
0.007016
-0.020168
0.004775
0.003625
0.014758
-0.000425
-0.001648
-0.011666
0.014098
-0.006544
-0.012170
0.013153
-0.010462
0.022151
-0.016861
0.032450
-0.018069
-0.001482
0.000341
-0.022632
0.030250
-0.003913
0.005618
0.000259
-0.000389
-0.000844
-0.011924
0.013698
-0.001989
0.003965
-0.000150
-0.020242
0.005312
-0.005615
-0.005151
-0.019724
0.005897
-0.005938
0.018288
-0.009275
-0.021019
-0.015879
-0.003459
0.001411
0.000635
0.030532
-0.014613
0.016781
-0.022788
-0.007396
0.008366
-0.017236
0.004332
0.028026
-0.015097
-0.000543
-0.027914
-0.023459
0.030283
-0.004033
0.045380
-0.004081
0.023021
-0.014413
-0.086570
0.016242
-0.151536
