1.715661
-0.399290
-0.257461
0.046087
-0.069752
-0.125676
-0.102868
0.234251
-0.032860
0.152802
-0.105736
-0.055797
0.028826
-0.015099
0.017635
0.100409
-0.066109
-0.040088
-0.009608
0.019378
-0.049931
-0.045589
0.058350
0.080887
0.071692
-0.032555
0.074938
-0.143027
0.072143
-0.054827
-0.084815
0.132450
-0.032547
-0.031335
0.000290
0.049652
-0.033146
0.037404
-0.063399
-0.039929
0.088790
-0.031476
-0.002607
-0.012315
0.028696
-0.051539
-0.006700
0.088331
-0.111974
0.131969
-0.010701
-0.091675
0.115577
-0.076782
0.032271
-0.027120
0.065917
-0.085812
0.033983
0.113007
-0.172931
0.042948
0.002565
-0.040684
0.022174
0.083003
-0.107256
0.082868
0.026755
-0.172077
0.023989
0.078745
0.047930
0.011655
-0.034281
-0.010156
0.003457
-0.009262
-0.070792
0.064554
0.184738
-0.256253
0.153423
0.063542
-0.230062
-0.161424
0.134917
0.303512
-0.153101
0.031404
0.016809
-0.125270
-0.012299
0.044281
0.030655
0.044281
-0.012299
-0.125270
0.016809
0.031404
-0.153101
0.303512
0.134917
-0.161424
-0.230062
0.063542
0.153423
-0.256253
0.184738
0.064554
-0.070792
-0.009262
0.003457
-0.010156
-0.034281
0.011655
0.047930
0.078745
0.023989
-0.172077
0.026755
0.082868
-0.107256
0.083003
0.022174
-0.040684
0.002565
0.042948
-0.172931
0.113007
0.033983
-0.085812
0.065917
-0.027120
0.032271
-0.076782
0.115577
-0.091675
-0.010701
0.131969
-0.111974
0.088331
-0.006700
-0.051539
0.028696
-0.012315
-0.002607
-0.031476
0.088790
-0.039929
-0.063399
0.037404
-0.033146
0.049652
0.000290
-0.031335
-0.032547
0.132450
-0.084815
-0.054827
0.072143
-0.143027
0.074938
-0.032555
0.071692
0.080887
0.058350
-0.045589
-0.049931
0.019378
-0.009608
-0.040088
-0.066109
0.100409
0.017635
-0.015099
0.028826
-0.055797
-0.105736
0.152802
-0.032860
0.234251
-0.102868
-0.125676
-0.069752
0.046087
-0.257461
-0.399290
