1.544173
-0.568414
0.299114
-0.251132
-0.175614
0.126079
-0.279182
0.455933
-0.236834
0.164380
-0.127859
-0.060895
-0.030385
-0.020195
-0.058927
0.121910
-0.131863
0.138947
0.028935
-0.128024
0.055581
-0.110729
0.121225
-0.125819
0.105652
-0.096260
-0.054820
-0.033637
-0.010072
0.034560
-0.011923
0.011736
0.016067
-0.043164
-0.075692
0.071868
-0.036203
-0.006980
0.096181
-0.041798
0.083413
0.004802
-0.051941
0.000377
-0.082771
0.185001
-0.095805
0.129252
-0.014451
-0.052968
-0.025672
-0.166196
0.193378
-0.043707
0.084508
0.062551
-0.013545
0.003781
-0.144937
0.060462
-0.008949
-0.044583
0.149634
-0.051860
0.065108
-0.083108
-0.018673
0.054120
-0.127733
0.089295
-0.057992
0.022515
0.025574
-0.027582
0.036708
-0.082313
-0.034610
0.066692
-0.075509
0.055473
0.069894
-0.001246
0.027249
-0.096402
0.074127
-0.053842
-0.015711
0.093737
-0.032599
0.019004
-0.102646
-0.014640
0.028054
-0.016982
0.100853
-0.016982
0.028054
-0.014640
-0.102646
0.019004
-0.032599
0.093737
-0.015711
-0.053842
0.074127
-0.096402
0.027249
-0.001246
0.069894
0.055473
-0.075509
0.066692
-0.034610
-0.082313
0.036708
-0.027582
0.025574
0.022515
-0.057992
0.089295
-0.127733
0.054120
-0.018673
-0.083108
0.065108
-0.051860
0.149634
-0.044583
-0.008949
0.060462
-0.144937
0.003781
-0.013545
0.062551
0.084508
-0.043707
0.193378
-0.166196
-0.025672
-0.052968
-0.014451
0.129252
-0.095805
0.185001
-0.082771
0.000377
-0.051941
0.004802
0.083413
-0.041798
0.096181
-0.006980
-0.036203
0.071868
-0.075692
-0.043164
0.016067
0.011736
-0.011923
0.034560
-0.010072
-0.033637
-0.054820
-0.096260
0.105652
-0.125819
0.121225
-0.110729
0.055581
-0.128024
0.028935
0.138947
-0.131863
0.121910
-0.058927
-0.020195
-0.030385
-0.060895
-0.127859
0.164380
-0.236834
0.455933
-0.279182
0.126079
-0.175614
-0.251132
0.299114
-0.568414
