0.660557
-0.162966
0.176409
-0.096598
-0.035358
0.000196
-0.081345
0.124115
-0.068956
0.016120
-0.049474
-0.052222
-0.003855
-0.027341
0.004847
0.037207
-0.041158
0.031593
0.004486
-0.058024
0.020136
-0.037446
0.042414
-0.041570
0.007825
-0.050645
-0.051973
-0.020051
-0.023648
0.028398
-0.011179
0.008782
-0.006794
-0.026485
-0.032895
0.028336
-0.005869
0.010977
0.039350
-0.016197
0.029814
0.007327
0.002314
0.018828
-0.007174
0.055945
-0.035446
0.022587
-0.022884
0.004907
0.004449
-0.041963
0.074967
-0.021908
0.027714
0.003961
0.014143
0.014048
-0.028523
0.018945
-0.000939
-0.024458
0.025301
-0.012343
0.026872
-0.011905
-0.004622
0.024526
-0.058500
0.013002
-0.038824
0.009447
0.015212
-0.010373
0.012560
-0.039184
-0.023737
0.005214
-0.015116
0.036397
0.038789
0.018992
0.008645
-0.031805
0.007312
-0.018228
-0.002185
0.035039
-0.008750
-0.005615
-0.038497
-0.024840
0.010042
0.007276
0.047640
0.007276
0.010042
-0.024840
-0.038497
-0.005615
-0.008750
0.035039
-0.002185
-0.018228
0.007312
-0.031805
0.008645
0.018992
0.038789
0.036397
-0.015116
0.005214
-0.023737
-0.039184
0.012560
-0.010373
0.015212
0.009447
-0.038824
0.013002
-0.058500
0.024526
-0.004622
-0.011905
0.026872
-0.012343
0.025301
-0.024458
-0.000939
0.018945
-0.028523
0.014048
0.014143
0.003961
0.027714
-0.021908
0.074967
-0.041963
0.004449
0.004907
-0.022884
0.022587
-0.035446
0.055945
-0.007174
0.018828
0.002314
0.007327
0.029814
-0.016197
0.039350
0.010977
-0.005869
0.028336
-0.032895
-0.026485
-0.006794
0.008782
-0.011179
0.028398
-0.023648
-0.020051
-0.051973
-0.050645
0.007825
-0.041570
0.042414
-0.037446
0.020136
-0.058024
0.004486
0.031593
-0.041158
0.037207
0.004847
-0.027341
-0.003855
-0.052222
-0.049474
0.016120
-0.068956
0.124115
-0.081345
0.000196
-0.035358
-0.096598
0.176409
-0.162966
