0.323305
0.307284
0.291263
0.783147
0.871200
1.067899
0.490378
0.843985
1.256691
0.514050
0.626246
0.132975
0.414269
0.351794
0.525083
0.506738
0.911937
0.680112
1.809813
0.807234
0.364009
0.655851
0.671454
0.523198
1.978889
0.299152
2.037102
1.630506
0.456291
0.797660
0.383580
0.342447
3.557121
1.113204
1.004445
1.345705
1.172428
3.843559
2.883404
0.816736
1.027673
1.086641
1.206456
0.478923
0.774123
2.656319
0.646044
0.419995
0.968493
0.329122
1.034965
0.438417
0.722930
0.235403
0.562206
0.681724
0.372112
0.303768
0.586210
0.453665
1.179361
0.419221
0.942757
0.936179
0.708952
1.386506
0.287991
0.377367
0.466743
0.820858
0.742104
0.663351
2.580484
0.498933
1.086982
0.757228
0.633879
0.510530
0.344845
0.613700
0.736465
0.615169
0.654290
0.592743
0.531196
0.711104
0.676968
0.642831
0.608695
0.574558
